314 314 318 315 315 315 315 315 315 315 315 315 315 315 315 315 316 316
314 319 32 32 32 32 32 32 32 32 32 32 32 32 32 32 317 316
359 32 305 32 65 32 32 32 32 32 32 32 32 32 32 32 32 359
359 32 32 32 32 48 48 48 48 48 48 36 32 32 32 32 32 359
359 32 32 32 76 1 25 5 18 32 49 32 32 32 32 32 32 359
359 32 32 32 32 32 32 32 32 32 32 32 32 32 32 32 32 359
359 32 305 32 65 32 32 32 32 32 32 32 32 32 32 32 32 359
359 32 32 32 32 48 48 48 48 48 48 36 32 32 32 32 32 359
359 32 32 32 76 1 25 5 18 32 50 32 32 32 32 32 32 359
359 32 32 32 32 32 32 32 32 32 32 32 32 32 32 32 32 359
359 32 305 32 65 32 32 32 32 32 32 32 32 32 32 32 32 359
359 32 32 32 32 48 48 48 48 48 48 36 32 32 32 32 32 359
359 32 32 32 76 1 25 5 18 32 51 287 32 32 32 32 32 359
317 316 32 32 32 32 32 32 32 32 32 32 32 32 32 32 314 319
317 317 318 318 318 318 318 318 318 318 318 318 318 318 318 318 319 319
