314 314 315 315 315 315 315 315 315 315 315 315 315 315 315 315 315 315 315 315 315 315 315 316 316
314 269 32 32 32 32 32 32 32 32 32 32 32 32 32 32 32 32 32 32 32 32 32 268 316
359 32 32 32 32 32 32 32 32 32 32 32 32 32 32 32 32 32 32 32 276 45 264 32 359
359 32 32 305 65 193 193 193 193 193 193 193 32 65 193 47 65 193 32 32 93 30 93 32 359
359 32 32 32 32 62 65 193 193 193 193 32 32 32 65 193 193 193 32 32 265 45 266 32 359
359 32 32 32 32 32 32 32 32 32 32 32 32 32 32 32 32 32 32 32 106 233 275 32 359
359 32 32 305 65 193 193 193 193 193 193 193 32 65 193 47 65 193 32 32 106 233 275 32 359
359 32 32 32 32 62 65 193 193 193 193 32 32 32 65 193 193 193 32 32 106 233 275 32 359
359 32 32 32 32 32 32 32 32 32 32 32 32 32 32 32 32 32 32 32 106 233 275 32 359
359 32 32 305 65 193 193 193 193 193 193 193 32 65 193 47 65 193 32 32 106 233 275 32 359
359 32 32 32 32 62 65 193 193 193 193 32 32 32 65 193 193 193 32 32 106 233 275 32 359
359 32 32 32 32 32 32 32 32 32 32 32 32 32 32 32 32 32 32 32 106 233 275 32 359
359 32 32 305 65 193 193 193 193 193 193 193 32 65 193 47 65 193 32 32 106 233 275 32 359
359 32 32 32 32 62 65 193 193 193 193 32 32 32 65 193 193 193 32 32 106 233 275 32 359
359 32 32 32 32 32 32 32 32 32 32 32 32 32 32 32 32 32 32 32 106 233 275 32 359
359 32 32 305 65 193 193 193 193 193 193 193 32 65 193 47 65 193 32 32 276 45 264 32 359
359 32 32 32 32 62 65 193 193 193 193 32 32 32 65 193 193 193 32 32 93 358 93 32 359
359 32 32 32 32 32 32 32 32 32 32 32 32 32 32 32 32 32 32 32 265 45 266 32 359
317 268 32 32 32 32 32 32 32 32 32 32 32 32 32 32 32 32 32 32 32 32 32 269 319
317 317 315 315 315 315 315 315 315 315 315 315 315 315 315 315 315 315 315 315 315 315 315 319 319