269 268 315 315 315 315 315 315 315 315 315 315 315 315 315 315 315 315 315 315 315 315 315 269 268
268 269 32 32 32 32 32 32 32 32 32 32 32 32 32 32 32 32 32 32 32 32 32 268 269
359 32 80 18 15 3 5 19 19 9 14 7 58 32 32 32 32 32 32 32 32 32 32 32 359
359 32 32 32 32 32 32 32 32 32 32 32 32 32 32 32 32 32 32 32 32 32 32 32 359
359 32 32 32 32 32 32 32 32 32 32 32 32 32 32 32 32 32 32 32 32 32 32 32 359
359 32 32 272 32 65 24 24 24 24 24 24 24 24 32 32 32 32 32 32 32 32 32 32 359
359 32 32 32 32 32 32 32 32 32 32 32 32 357 65 24 24 24 24 24 24 32 32 32 359
359 32 32 32 32 32 32 32 32 32 32 32 32 32 32 32 32 32 32 32 32 32 32 32 359
359 32 32 272 32 65 24 24 24 24 24 24 24 24 32 32 32 32 32 32 32 32 32 32 359
359 32 32 32 32 32 32 32 32 32 32 32 32 357 65 24 24 24 24 24 24 32 32 32 359
359 32 32 32 32 32 32 32 32 32 32 32 32 32 32 32 32 32 32 32 32 32 32 32 359
359 32 32 272 32 65 24 24 24 24 24 24 24 24 32 32 32 32 32 32 32 32 32 32 359
359 32 32 32 32 32 32 32 32 32 32 32 32 357 65 24 24 24 24 24 24 32 32 32 359
359 32 32 32 32 32 32 32 32 32 32 32 32 32 32 32 32 32 32 32 32 32 32 32 359
359 32 32 272 32 65 24 24 24 24 24 24 24 24 32 32 32 32 32 32 32 32 32 32 359
359 32 32 32 32 32 32 32 32 32 32 32 32 357 65 24 24 24 24 24 24 32 32 32 359
359 32 32 46 46 46 32 32 32 32 32 32 32 32 32 32 32 32 32 32 32 32 32 32 359
359 32 32 32 32 32 32 32 32 32 32 32 32 32 32 32 32 32 32 32 32 32 32 32 359
269 268 32 32 32 32 32 32 32 32 32 32 32 32 32 32 32 32 32 32 32 32 32 269 268
268 269 315 315 315 315 315 315 315 315 315 315 315 315 315 315 315 315 315 315 315 315 315 268 269
