314 315 315 315 315 315 315 315 315 315 315 315 315 315 315 315 315 315 315 315 315 316
359 32 29 65 32 32 32 32 32 32 32 32 32 32 32 32 32 32 32 32 32 359
359 32 32 32 32 32 32 32 32 32 32 32 32 32 32 32 32 32 32 32 32 359
359 32 32 32 32 32 62 65 32 32 32 32 32 20 9 12 5 19 32 32 32 359
359 32 32 32 32 32 62 65 32 32 32 32 32 18 5 14 20 5 4 32 32 359
359 45 45 45 45 45 45 45 45 45 45 45 45 45 45 45 264 32 32 32 32 359
359 32 65 32 32 32 32 32 32 32 32 32 32 32 32 36 257 279 32 32 32 359
359 32 32 32 32 65 32 32 32 32 32 37 32 32 32 32 257 32 32 32 32 359
359 45 45 45 45 45 45 45 45 45 45 45 45 45 45 45 266 32 32 32 32 359
359 32 32 32 32 32 32 32 32 32 32 32 32 32 32 32 32 32 32 32 32 359
359 32 84 15 20 1 12 32 79 23 14 5 4 32 32 32 32 32 32 32 32 359
359 32 32 32 32 32 32 32 32 32 32 32 32 32 32 32 32 32 32 32 32 35
359 32 32 32 304 65 32 32 32 32 32 32 32 32 32 32 32 32 32 32 32 359
359 32 32 32 32 32 32 32 32 32 32 32 32 24 65 32 32 32 32 32 32 35
359 32 32 32 304 65 32 32 32 32 32 32 32 32 32 32 32 32 32 32 32 359
359 32 32 32 32 32 32 32 32 32 32 32 32 24 65 32 32 32 32 32 32 359
359 32 32 32 304 65 32 32 32 32 32 32 32 32 32 32 32 32 32 32 32 359
359 32 32 32 46 46 46 32 32 32 32 32 32 24 65 32 32 32 32 32 32 359
359 32 32 32 32 32 32 32 32 32 32 32 32 32 32 32 32 32 32 32 32 359
317 318 318 318 318 318 318 318 318 318 318 318 318 318 318 318 318 318 318 318 318 319
