314 314 315 315 315 315 315 315 315 315 315 315 315 315 315 315 315 315 315 315 315 315 315 315 315 315 315 315 315 315 315 315 316
314 160 98 258 98 258 98 258 98 258 98 258 98 258 98 258 98 258 98 258 98 258 98 258 98 64 98 258 98 64 98 264 359
359 97 32 68 1 20 5 58 32 32 32 32 32 32 32 32 32 32 32 32 32 32 32 32 32 32 32 32 32 32 32 97 359
359 284 32 32 305 65 32 32 32 32 32 32 32 32 32 32 32 32 32 32 32 32 32 32 32 32 32 32 32 32 32 284 359
359 97 32 32 32 32 32 32 32 32 32 32 32 32 32 83 3 15 18 5 58 32 32 32 32 32 32 32 32 32 32 97 359
359 284 32 32 32 32 32 32 32 32 32 32 32 32 32 32 305 65 32 32 32 32 32 32 32 32 32 32 32 32 32 284 359
359 97 32 32 32 32 32 32 32 32 32 32 32 32 32 32 32 32 32 32 32 32 32 32 32 32 32 32 32 32 32 97 359
359 284 32 73 13 16 15 18 20 19 58 32 32 32 32 32 32 32 32 32 32 32 32 32 32 32 32 32 32 32 32 284 359
359 97 32 93 32 32 32 32 32 32 32 32 32 32 32 84 25 16 5 32 66 21 9 12 4 9 14 7 58 32 32 97 359
359 284 32 93 278 87 5 5 11 12 25 58 32 32 32 284 32 32 32 32 32 32 32 32 32 32 32 32 32 32 32 284 359
359 97 32 93 32 32 32 65 32 32 32 32 32 32 32 284 32 278 84 46 85 18 2 1 14 58 32 32 32 32 32 97 359
359 284 32 93 278 77 15 14 20 8 12 25 58 32 32 284 32 32 32 65 32 32 32 32 32 32 32 32 32 32 32 284 359
359 97 32 93 32 32 32 65 32 32 32 32 32 32 32 284 32 278 84 46 70 1 3 20 15 18 25 49 58 32 32 97 359
359 284 32 93 278 89 5 1 18 12 25 58 32 32 32 284 32 32 32 65 32 32 32 32 32 32 32 32 32 32 32 284 359
359 97 32 93 32 32 32 65 32 32 32 32 32 32 32 284 32 278 84 46 70 1 3 20 15 18 25 50 58 32 32 97 359
359 284 32 32 32 32 32 32 32 32 32 32 32 32 32 284 32 32 32 65 32 32 32 32 32 32 32 32 32 32 32 284 359
359 97 32 87 15 18 11 5 18 19 58 32 32 32 32 284 32 278 84 46 70 9 5 12 4 58 32 32 32 32 32 97 359
359 284 32 32 305 65 32 32 32 32 32 32 32 32 32 284 32 32 32 65 32 32 32 32 32 32 32 32 32 32 32 284 359
359 265 98 64 98 64 98 64 98 64 98 64 98 64 98 64 98 64 98 64 98 64 98 64 98 64 98 64 98 64 98 160 319
317 318 318 318 318 318 318 318 318 318 318 318 318 318 318 318 318 318 318 318 318 318 318 318 318 318 318 318 318 318 318 319 319