314 318 318 318 318 318 318 318 318 318 318 318 318 318 318 318 318 318 318 318 318 318 318 318 316
359 266 32 32 32 32 32 32 32 32 32 32 32 32 32 32 32 32 32 32 32 32 32 265 359
359 93 67 9 20 25 32 86 1 12 21 5 19 58 32 32 32 32 32 32 32 32 32 32 359
359 93 32 32 32 32 32 32 32 32 32 32 32 32 32 32 32 32 32 32 32 32 32 32 359
359 93 32 304 84 15 20 1 12 32 80 15 16 21 12 1 20 9 15 14 58 32 32 32 359
359 93 32 32 279 107 65 32 32 32 32 32 32 32 32 32 32 32 32 32 32 32 32 32 359
359 93 32 32 32 32 32 32 32 32 32 32 32 32 32 32 32 32 32 32 32 32 32 32 359
359 93 32 304 69 14 5 18 7 25 32 67 15 14 19 21 16 20 9 15 14 58 32 32 359
359 93 32 32 279 107 65 32 32 32 32 32 32 32 32 32 32 32 32 32 32 32 32 32 359
359 93 32 32 32 32 32 32 32 32 32 32 32 32 32 32 32 32 32 32 32 32 32 32 359
359 93 32 304 84 15 20 1 12 32 73 13 16 15 18 20 58 32 32 32 32 32 32 32 359
359 93 32 32 279 107 65 32 32 32 32 32 32 32 32 32 32 32 32 32 32 32 32 32 359
359 93 32 32 32 32 32 32 32 32 32 32 32 32 32 32 32 32 32 32 32 32 32 32 359
359 93 32 304 84 15 20 1 12 32 69 24 16 15 18 20 58 32 32 32 32 32 32 32 359
359 93 32 32 279 107 65 32 32 32 32 32 32 32 32 32 32 32 32 32 32 32 32 32 359
359 93 32 32 32 32 32 32 32 32 32 32 32 32 32 32 32 32 32 32 32 32 32 32 359
359 93 32 304 82 1 20 9 15 32 69 13 16 20 25 32 72 15 21 19 5 19 58 32 359
359 284 32 32 279 107 65 32 32 32 32 32 32 32 32 32 32 32 32 32 32 32 32 32 359
359 264 32 32 32 32 32 32 32 32 32 32 32 32 32 32 32 32 32 32 32 32 32 276 359
317 318 318 318 318 318 318 318 318 318 318 318 318 318 318 318 318 318 318 318 318 318 318 318 319