352 315 315 61 61 315 315 61 61 315 315 61 61
359 319 32 32 32 32 32 32 32 32 32 32 32
359 32 65 32 32 32 32 32 32 32 32 32 32
359 32 357 79 3 3 21 16 1 14 3 25 58
359 32 284 32 65 32 32 47 65 32 32 32 32
359 32 284 32 32 32 32 32 32 32 32 32 32
359 32 284 32 32 32 32 32 32 32 32 32 32
359 32 357 86 1 12 21 5 58 32 32 32 32
359 32 32 32 65 32 32 32 32 32 32 32 32
359 32 32 32 32 32 32 32 32 32 32 32 32
359 32 32 32 32 32 32 32 32 32 32 32 32
359 32 272 67 15 13 16 1 14 25 32 32 32
359 32 284 357 65 32 32 32 32 32 32 32 32
359 316 284 32 32 32 32 32 32 32 32 32 32
352 318 318 61 61 318 318 61 61 318 318 61 61