314 315 315 315 315 315 315 315 315 315 318 318 318 318 318 318 318 318 316
359 269 32 80 18 15 4 21 3 20 19 58 32 32 276 32 264 32 359
359 32 32 32 32 32 32 32 32 32 32 32 32 32 284 30 284 32 359
359 32 304 65 32 32 32 32 32 32 32 32 32 32 265 32 266 32 359
359 32 32 32 279 62 65 32 32 32 32 32 32 32 32 32 32 32 359
359 32 32 32 32 32 32 32 32 32 32 32 32 32 32 32 32 32 359
359 32 304 65 32 32 32 32 32 32 32 32 32 32 32 32 32 32 359
359 32 32 32 279 62 65 32 32 32 32 32 32 32 32 32 32 32 359
359 32 32 32 32 32 32 32 32 32 32 32 32 32 32 32 32 32 359
359 32 304 65 32 32 32 32 32 32 32 32 32 32 32 32 32 32 359
359 32 32 32 279 62 65 32 32 32 32 32 32 32 32 32 32 32 359
359 32 32 32 32 32 32 32 32 32 32 32 32 32 32 32 32 32 359
359 32 304 65 32 32 32 32 32 32 32 32 32 32 32 32 32 32 359
359 32 32 32 279 62 65 32 32 32 32 32 32 32 32 32 32 32 359
359 32 32 32 32 32 32 32 32 32 32 32 32 32 32 32 32 32 359
359 32 304 65 32 32 32 32 32 32 32 32 32 32 276 32 264 32 359
359 32 32 32 279 62 65 32 32 32 32 32 32 32 284 358 284 32 359
359 268 32 32 32 32 32 32 32 32 32 32 32 32 265 32 266 32 359
317 315 315 315 315 315 315 315 315 315 315 315 315 315 315 315 315 315 319
