314 316 315 315 315 315 315 315 315 315 315 315 315 315 315 315 315 318 318 318 318 318 318 314 316
317 319 32 32 32 32 32 32 32 32 32 32 32 32 32 32 32 32 32 32 32 32 32 317 319
359 32 32 32 32 32 32 32 32 32 32 32 32 32 32 32 32 32 32 32 276 258 264 32 359
359 32 80 18 5 19 5 14 20 32 67 1 18 19 58 32 32 32 32 32 93 30 93 32 359
359 32 32 32 32 32 32 32 32 32 32 32 32 32 32 32 32 32 32 32 265 114 266 32 359
359 32 32 116 32 32 32 32 32 32 32 32 32 32 32 32 32 32 32 32 32 359 32 32 359
359 32 32 116 62 65 48 48 48 48 48 48 48 48 48 48 48 48 32 32 32 359 32 32 359
359 32 32 116 32 32 32 256 65 48 48 48 48 47 65 48 48 48 48 32 32 359 32 32 359
359 32 32 116 32 32 32 32 32 32 32 32 32 32 32 32 32 32 32 32 32 93 32 32 359
359 32 32 116 62 65 48 48 48 48 48 48 48 48 48 48 48 48 32 32 32 359 32 32 359
359 32 32 116 32 32 32 256 65 48 48 48 48 47 65 48 48 48 48 32 32 359 32 32 359
359 32 32 116 32 32 32 32 32 32 32 32 32 32 32 32 32 32 32 32 32 359 32 32 359
359 32 32 116 62 65 48 48 48 48 48 48 48 48 48 48 48 48 32 32 32 93 32 32 359
359 32 32 116 32 32 32 256 65 48 48 48 48 47 65 48 48 48 48 32 32 359 32 32 359
359 32 32 116 32 32 32 32 32 32 32 32 32 32 32 32 32 32 32 32 32 359 32 32 359
359 32 32 116 62 65 48 48 48 48 48 48 48 48 48 48 48 48 32 32 32 359 32 32 359
359 32 32 116 32 32 32 256 65 48 48 48 48 47 65 48 48 48 48 32 276 113 264 32 359
359 32 32 116 32 32 32 32 32 32 32 32 32 32 32 32 32 32 32 32 93 358 93 32 359
314 316 32 116 32 32 32 32 32 32 32 32 32 32 32 32 32 32 32 32 265 258 266 314 316
317 319 318 318 318 318 318 318 318 318 318 318 318 318 318 318 318 318 318 318 318 318 318 317 319
