276 258 258 258 258 258 258 258 258 258 258 258 258 258 264
284 314 315 315 315 315 315 315 315 315 315 315 315 316 284
284 359 32 32 32 32 32 32 32 32 32 32 32 359 284
284 359 32 32 32 32 32 277 32 32 32 32 32 359 284
284 359 32 32 32 32 32 30 48 32 32 32 32 359 284
284 359 32 32 32 32 32 32 32 32 32 32 32 359 284
284 359 32 32 48 32 32 32 32 32 48 32 32 359 284
284 359 32 277 31 32 32 272 32 32 357 277 32 359 284
284 359 32 32 32 32 32 32 32 32 32 32 32 359 284
284 359 32 32 32 32 32 32 32 32 32 32 32 359 284
284 359 32 32 32 32 32 358 48 32 32 32 32 359 284
284 359 32 32 32 32 32 277 32 32 32 32 32 359 284
284 359 32 32 32 32 32 32 32 32 32 32 32 359 284
284 317 318 318 318 318 318 318 318 318 318 318 318 319 284
265 258 258 258 258 258 258 258 258 258 258 258 258 258 266