276 258 258 258 258 258 258 258 258 258 258 258 258 258 258 258 258 258 258 258 258 258 258 258 258 258 258 258 258 258 258 258 258 264 32 32
284 314 315 315 315 315 315 315 315 315 315 315 315 315 315 315 315 315 315 315 315 315 315 315 315 315 315 315 315 315 315 315 316 315 315 316
284 359 32 32 32 32 32 32 277 32 32 32 32 32 32 32 32 32 32 32 32 32 32 32 32 32 277 32 32 32 32 32 359 284 105 359
284 359 32 64 32 64 32 64 277 64 32 64 32 64 32 64 32 64 32 64 32 64 32 64 32 64 277 64 32 64 32 64 359 284 105 359
284 359 32 32 32 32 32 32 277 32 32 32 32 32 32 32 32 32 32 32 32 32 32 32 32 32 277 32 32 32 32 32 359 284 105 359
284 359 32 64 32 64 32 64 277 64 32 64 32 64 32 64 32 64 32 64 32 64 32 64 32 64 277 64 32 64 32 64 359 284 105 359
284 359 32 32 32 32 32 32 277 32 32 32 32 32 32 32 32 32 32 32 32 32 32 32 32 32 277 32 32 32 32 32 359 284 105 359
284 359 258 258 258 258 258 258 258 258 258 258 258 258 258 258 258 258 258 258 258 258 258 258 258 258 258 258 258 258 258 258 359 318 318 319
284 359 32 32 32 32 32 32 277 32 32 32 32 32 32 32 32 32 32 32 32 32 32 32 32 32 277 32 32 32 32 32 359 284 32 32
284 359 32 64 32 64 32 64 277 64 32 64 32 64 32 64 32 64 32 64 32 64 32 64 32 64 277 64 32 64 32 64 359 284 32 32
284 359 32 32 32 32 32 32 277 32 32 32 32 32 32 32 32 32 32 32 32 32 32 32 32 32 277 32 32 32 32 32 359 284 32 32
284 359 32 64 32 64 32 64 277 64 32 64 32 64 32 64 32 64 32 64 32 64 32 64 32 64 277 64 32 64 32 64 359 284 32 32
284 359 32 32 32 32 32 32 277 32 32 32 32 32 32 32 32 32 32 32 32 32 32 32 32 32 277 32 314 318 318 318 319 284 32 32
284 317 315 315 315 315 315 315 315 315 315 315 315 315 315 315 315 315 315 315 315 315 315 315 315 315 315 315 319 48 48 48 48 284 32 32
265 258 258 258 258 258 258 258 258 258 258 258 258 258 258 258 258 258 258 258 258 258 258 258 258 258 258 258 258 258 258 258 258 266 32 32
