314 318 318 318 318 318 318 318 318 318 318 318 318 318 318 318 318 318 318 318 318 316
359 319 266 359 65 50 58 48 48 16 13 359 31 76 1 19 20 32 32 265 317 359
359 266 32 317 318 318 318 318 318 318 318 359 358 78 5 24 20 32 32 32 265 359
359 32 32 32 32 32 32 359 32 32 32 317 318 318 318 316 32 32 32 32 32 359
359 32 32 32 32 32 32 359 65 50 58 48 48 16 13 359 32 32 32 32 32 359
359 32 32 32 32 32 32 317 318 318 318 318 318 318 318 319 32 32 32 32 32 359
359 32 32 32 32 32 32 32 32 32 32 32 32 32 32 32 32 32 32 32 32 359
359 32 32 87 1 9 20 9 14 7 32 79 14 32 32 32 32 32 32 32 32 359
359 32 32 32 32 32 32 32 32 83 20 1 20 9 15 14 58 32 32 32 32 359
359 32 32 32 32 32 32 32 32 32 32 32 32 32 32 32 32 32 32 32 32 359
359 32 32 279 357 65 48 48 48 48 48 32 32 32 32 32 32 32 32 32 32 359
359 264 32 32 32 32 32 32 32 32 32 32 32 32 32 32 32 32 32 32 276 359
359 316 264 32 32 32 32 32 32 32 32 32 32 32 32 32 32 32 32 276 314 359
317 315 315 315 315 315 315 315 315 315 315 315 315 315 315 315 315 315 315 318 318 319